1.475486277095411358e-02 -1.977523680977668133e-02 -1.714207481513622261e-02 -2.564476714968604715e-02 8.947673677735724918e-03 -3.844035345119175846e-03 1.029779658579597773e-01 -5.431666107930652188e-02 6.888079176173494272e-03 -4.631195329648940540e-02
5.436163310937015131e-02 -4.628164983230974305e-02 -2.722713392651741546e-02 5.523177315370878665e-02 -9.444157387873226492e-03 1.097412373074910796e-01 4.047891845140743489e-02 -4.661545013691995726e-02 -4.097831101536963949e-02 -4.970896508639850025e-02
-6.035528759713980340e-02 -8.130088913838579012e-02 -4.700936257992777839e-02 3.469755245918135222e-02 4.829401142271466663e-02 5.241322790612364113e-02 -7.451043742265250902e-02 2.490261584920593074e-02 8.233660044565066505e-02 6.945623152786598031e-02
-3.799688184572203725e-02 -6.946492976429667621e-02 9.672715823586917547e-03 -1.631736328353114440e-02 1.332889899823899715e-01 -1.016049853522686675e-02 -1.834666339584527239e-02 6.859948138840316068e-02 -3.162489127956592816e-02 -1.820927460445358886e-02
-2.947340847357073513e-03 -1.685303704922901796e-02 3.993369026749376237e-03 -3.181945966459332528e-03 1.699469165141232266e-02 -3.021881127823084715e-03 -2.746404532661263654e-03 -2.338467179964903546e-03 7.810318907027670975e-03 -6.792628726979723155e-03
-3.765821501196106591e-02 1.128979485588859077e-01 6.823302528836092118e-02 9.409217132520031335e-02 -3.925032165821693703e-02 -6.360688366294228735e-02 -2.331168380741027724e-02 3.681543259342946045e-02 -1.634006070134760152e-02 -3.025025847430113171e-02
-7.254402329125481282e-03 -5.576070353683171277e-02 -5.281492356380481507e-02 4.106878065440752734e-02 -3.856856591350817792e-02 5.893626455546361470e-02 3.873931294319782337e-02 -5.132234038065130316e-02 9.702680029288864028e-02 -1.441838407378808612e-02
-4.800286373039349547e-02 -4.137193968136256700e-02 7.038896141156048003e-02 2.857162960630203405e-02 9.259541041729971514e-03 5.207981225039861467e-02 -1.394918264458149329e-02 -3.334437183478739658e-02 3.008572493608908938e-02 2.486940189402167328e-04
4.429449055995300644e-02 -1.597347938321843838e-02 7.906289919645888287e-02 -5.115264794418294958e-02 1.156426549625612192e-02 -5.193302683535957337e-02 -3.899670302925351689e-02 -4.079733669811890645e-02 2.475738711647391520e-04 4.273280757063357277e-02
-3.561177535488790902e-02 5.347488267268801776e-02 -3.330552474136909413e-02 -7.179278550625868560e-02 3.288139697529321448e-03 4.403170593390100251e-02 2.613281755065903142e-02 1.290198101215845120e-02 3.705457386804244385e-02 -2.582172067597391513e-02
3.525593674479403795e-03 -2.192236310185523285e-02 2.566511043517982760e-02 -1.216696878136386273e-02 6.970397232024962315e-03 3.306250118020589773e-04 3.312367376734546860e-03 -3.245130982128089508e-02 -1.416157507935104226e-02 -2.475694775178395070e-04
1.221349355524683350e-01 -2.372285448646429054e-02 6.036409462378741070e-02 -2.890430987614627661e-02 2.005797911405865497e-02 -4.020131385048470590e-02 -2.734852533331081411e-04 -4.749570957103069896e-02 3.238718889193149125e-02 -3.589380305194603271e-02
-3.190025798243557170e-02 -2.175532830479752489e-02 7.347328562943875735e-03 5.451931165482482716e-02 -2.757874862504643663e-04 -5.502726073618956215e-02 -5.122555013872100854e-02 8.510349327104500816e-02 -3.038056771054516159e-02 5.320396903342691081e-02
-1.343378870258410580e-02 1.330916135273823020e-01 -3.437052082034622313e-02 -6.260884552816455006e-02 3.424351143663650204e-02 -3.739216107794502558e-02 -1.974374450139321571e-02 1.952991688682565938e-02 2.128228429904374663e-02 -2.370356378789361534e-02
4.067912644894934593e-02 -4.763020514765593794e-02 5.421091129341996592e-03 -2.649283245005202431e-02 -3.997146483879592677e-02 -5.388530899568318155e-02 -5.965763508063637310e-02 8.785310927340299336e-02 -2.285900325247984879e-02 1.229076227839667607e-01
-2.780046960905305578e-02 -2.041023248204569887e-02 1.164320423098008823e-02 3.044637957445611026e-02 -2.699275960889596301e-03 -3.653944774056445272e-02 1.108036755154491459e-01 -4.166154680519262854e-02 -2.141631968609796627e-02 -2.343145366815332920e-02
