1.234466684727790753e+00
1.532903873118924565e-01
3.471128194665509814e-01
-7.332548467482198351e-01
-1.739089241844887557e+00
6.443306376986885492e-03
4.733597284816368211e-01
1.314143339291548029e-01
2.093241534040772400e+00
3.966066388622715433e-01
8.648223858078575577e-02
-8.570444233733190975e-01
-7.022482217130165960e-01
1.115509245762920654e-01
-1.056769270752686785e+00
-3.130979963866496463e-01
2.297002576305991806e+00
-4.753834251099007813e-01
1.836691620470418118e-01
-5.523892901015186041e-01
1.130573575254139040e-01
1.026080858284618369e+00
-2.394353236363969017e+00
8.349636047681209261e-01
2.732713639185112564e-01
2.590500776086433810e+00
2.076790759894607541e-01
9.135604706740868552e-01
1.708667707917074896e+00
1.019853684515749537e+00
1.350371864142779987e+00
-1.967349334418677875e+00
1.005029882146177167e+00
-8.664908241314893678e-01
-2.557460840150571624e-01
2.480072188955060319e+00
-9.996655633376084760e-01
1.267179997674309222e+00
-8.711524981123950351e-01
1.780891043359361658e-01
1.297941583738792648e+00
-6.467938680952264319e-01
-7.078490617738303348e-01
-6.495420157455089605e-01
-2.392797673718840556e-01
-1.202352953245976241e+00
3.321912741244911205e-01
-9.595901589182518343e-01
-5.820564193229408323e-01
-2.684591521961158800e-01
-9.134512368279281702e-01
-5.297269084417550733e-01
9.837572767789751205e-02
-2.416815831812731130e-01
-1.840148839325055352e+00
1.767792428517467762e+00
-3.283175293883117130e-01
1.472660776864807564e-01
5.685694049875056333e-01
1.051007506830843541e+00
1.314720564767751787e+00
6.196817833345122928e-01
6.052882834351307473e-01
-1.701331049524909267e-01
