-2.413594970528787076e-01
6.438250879258912152e-01
-1.542073296193734178e-01
-1.933354476749208350e-01
2.226012109662646399e+00
-2.465604084827630604e+00
-1.674627922345154341e+00
9.256434328157503444e-01
-1.281354462279615802e-01
1.062732369070526151e+00
4.429765797102989122e-01
-8.475896836060345940e-01
1.695781930632034584e-01
-2.314552033128299158e+00
-6.701457911690748004e-01
-7.477775409107829674e-01
1.375572191251099863e+00
4.710494353072974816e-01
-3.053197266051970171e-01
1.076970835362434320e+00
-1.631426442337300942e-01
7.973297315499577875e-02
-2.580236210467147864e-02
1.449652675367645527e+00
-4.959180591776681246e-01
-1.898069995243518493e+00
1.850649097885606054e-01
7.256519849053411075e-01
7.884813090090482535e-02
2.177122859542633959e-01
1.060071939856565670e+00
-2.278495014755818893e-01
