4.106860644722763048e-02 -8.321789807188621074e-03 -5.471543983422998830e-02 -2.790524171091568126e-02 8.257632312571401914e-03 7.359531672728914127e-03 1.438017449712518381e-01 -1.076799157804733814e-01 1.630684332818581328e-02 -5.163811861184910978e-02
4.415628679509216864e-02 -3.834484931419600978e-02 -5.544964346690482021e-02 5.740903967132547636e-02 -2.490252164646069005e-03 1.406546222910243227e-01 3.135196213697639955e-02 -4.625009836249083239e-02 -6.168365022726729485e-02 -2.979552272232318180e-02
-6.159529368192851601e-02 -9.195422616190161713e-02 -4.270355576447609769e-02 8.660975928365685639e-02 8.418996787105534341e-02 3.371008112626791564e-02 -1.157899165229813870e-01 -2.112482802603272980e-02 9.209364938336775386e-02 8.548862536560920822e-02
-5.517623270152193643e-02 -5.803187293893805748e-02 -2.423648131931473160e-02 -2.347416391166968347e-03 1.742076521729311045e-01 -2.804294418866665195e-02 4.746223793908982760e-03 5.912570621240650220e-02 -3.573486961382847660e-02 -2.506908054007234501e-02
-4.699345248757791881e-03 -1.799232617521139346e-02 7.946766478728739883e-03 -2.718066036133368318e-03 2.833302280271033854e-02 -3.646801312154026773e-04 -3.260677026779837482e-03 -7.327716039742932647e-03 1.578514220707102553e-02 -2.478544667595427436e-02
-6.296466912723922005e-02 1.102093680360760469e-01 1.038977477826339979e-01 1.066764736812598480e-01 -5.344224622808522313e-02 -6.569163207440832652e-02 -5.745501962571493426e-02 6.400496548265414976e-02 1.028210515574700008e-02 -5.389593863322721806e-02
-3.698074695853673099e-02 -9.572613847413463661e-02 -6.040271351094287505e-02 7.445100934136401893e-02 -4.347063868134191933e-02 4.315684334466932115e-02 3.432624790115303137e-02 -6.488481527833540874e-02 1.150051824938123218e-01 5.015760847054182014e-02
-1.077057294912193430e-01 -3.102796500808768093e-02 1.231092248355408064e-01 1.494234466958949993e-02 -2.374490328928587080e-02 7.914693006197262570e-02 -1.158832491150237932e-02 -1.785119390119817642e-02 7.047239908867164448e-02 -4.178677668058635580e-02
8.719710689767198528e-03 -2.892335068124734804e-03 1.103620154876607529e-01 -3.120605227041087573e-02 1.984062726051027958e-02 -6.819498226197533153e-02 -5.019484067177524406e-02 -3.070649162854800426e-02 -4.206034075607186645e-02 6.538153202330028446e-02
-5.127806134856616876e-02 1.046643024222494028e-02 -6.581531662781686665e-02 -8.079024132001166869e-02 -3.734546228023797806e-03 7.541584515397328770e-02 5.496468565457576783e-02 4.290463802405334454e-02 6.945454686049060133e-02 -4.123568595441069740e-02
2.378885432464709210e-02 -3.005984106060595462e-02 4.405324573107728681e-02 -1.176120771882034101e-02 -4.667804494520966935e-03 1.597766727608280687e-02 -1.711390066373453958e-03 -7.368603234046930406e-02 9.738150623000129888e-03 -1.281733480516553114e-02
1.812218113731678959e-01 -6.507956967149862437e-02 5.099044303901464209e-02 -2.501276374268478903e-02 -1.356907439896560749e-02 -3.229227672296772905e-02 -2.569330375013318020e-03 -3.688295519104190651e-02 5.002912625674964947e-02 -4.838268847392056260e-02
-6.818065323483506190e-02 -4.110713770398996547e-02 2.766341732895246167e-02 4.402026909953925954e-02 2.350818669535451998e-03 -5.249200451407599194e-02 -9.181433841113578742e-02 1.739777029429163679e-01 -4.089534416253541582e-02 5.608662014893016357e-02
-2.531279983390010910e-02 1.766949438975887743e-01 -5.817099299111299499e-02 -6.331769603828484028e-02 5.009464784753319549e-02 -3.567902833937476592e-02 -3.663792836546992532e-02 -1.050674401302635272e-02 1.094560350218985734e-02 8.784696065419232355e-03
2.916434272717614157e-02 -3.716413311749895004e-02 -2.111095636425136014e-03 -6.046521745113349333e-02 -3.660355246868059187e-02 -9.217458435332186173e-02 -3.891869247071080840e-02 1.326546232504855205e-01 -4.293071265941764830e-02 1.549135220498831511e-01
-3.293898944315586802e-02 -3.310551885304029163e-02 3.457695209828462457e-02 3.262381777344083855e-02 2.424485094782807826e-02 -4.504381706156579401e-02 1.220217669265655919e-01 -3.579800380227066842e-02 -5.148061660712179022e-02 -3.616592861007707910e-02
