-1.318168705421386439e-03 -5.154316486081903827e-03 -7.382714423859238796e-03 -7.427648471562739441e-02 -6.831442719300421379e-03 4.136225098089990442e-03 1.197160389337934561e-01 -4.704902815417764256e-02 -2.497565454908040258e-02 8.230694993801775453e-03 1.316250087653112952e-02 2.867599557938589269e-02 1.049522502657854184e-02 -5.153254155286448451e-02 -4.122197316354752478e-03 -1.858536330887897159e-02
-7.019133690640969210e-03 7.353617849738262879e-02 -1.274505219421242716e-02 -3.787892060698523633e-02 -2.261696021603328693e-02 -4.241775676202899636e-02 -4.146833559972564788e-03 1.944259462691452431e-02 1.004560281249777809e-02 3.408617488645383775e-02 -1.473392693836938442e-03 -9.920378186291378686e-03 -4.197969832066392182e-02 -2.457842083335690792e-02 -5.842110439189075917e-03 -2.983067411553367090e-02
8.588045951010689349e-03 -2.548853338356005943e-02 -8.516397581509958445e-03 7.931838654767342511e-02 -1.611341680327348785e-02 -4.605155381822825106e-02 -2.382314914207915579e-02 -8.221725839801359570e-02 -3.628032291878804244e-02 3.957923938995926150e-02 1.551301378350238187e-02 2.862051568576012839e-02 4.510162588895693346e-03 4.314366512642545115e-02 7.395286120625988412e-03 -1.511027928119079884e-02
-8.637513397105768542e-02 3.045063792989088219e-02 -9.597053333018003285e-03 -3.404283171100059430e-02 -1.260679139399996894e-02 1.329831844697445392e-02 -2.327578514170842994e-02 -1.291771868702125924e-02 3.599145156068585261e-02 -2.479701861179026134e-02 -1.045423185274983215e-02 6.184234184994574779e-02 4.795853179336410227e-02 -1.682431317619824743e-02 5.332300765373054752e-02 -3.658321573045411612e-02
6.830652256367177044e-03 2.587900917135372431e-02 4.573473430784246591e-02 8.349236317700410581e-02 -8.630341092773836931e-03 1.482478171771458436e-02 1.492468510475046875e-02 3.078332192905637935e-02 3.727390878986175642e-03 -1.283855234618398733e-02 2.532269771772423239e-02 -6.089844029562778080e-03 -2.756369529339394719e-02 1.198727896265430401e-02 -2.189024390192650590e-02 1.338940249701258203e-03
2.499101041935505862e-02 4.196784155280474521e-02 -6.628085860309208127e-03 1.272266579993031402e-02 1.184164447316162112e-02 3.250794158664432193e-02 1.854715586875620419e-03 9.238497360873504718e-03 -4.546927775364250496e-02 2.039949091916326215e-02 -2.932726808169984576e-03 -7.347387577183182861e-02 2.522222406441820483e-02 -1.631498638498657394e-02 8.156625900093210715e-03 3.832331823704004936e-02
-4.502439510873705759e-03 9.134688098368490619e-03 -1.808177823825828437e-02 8.100141773149051663e-03 -9.903332545877647705e-03 1.786311662087391311e-02 -9.610485030373150384e-03 -3.166315358347607939e-02 -2.813384538204595151e-02 2.113206797535494008e-02 -6.026481439412099787e-03 -7.357242717676057420e-03 -4.122017156612065719e-03 4.246852377701318404e-02 -2.031627633010858400e-03 -1.721617874691509092e-02
-1.570048343821674880e-02 3.130504059986361637e-02 -4.402350770008146147e-02 1.681686754573143497e-03 4.342708831114265762e-03 -3.772274055098293489e-03 -2.751738704752893644e-02 -3.767585461889890863e-03 -3.812035989109150563e-02 2.841616245484522227e-02 1.674677538628428655e-04 -2.106651712077863003e-02 5.072129459899615833e-02 -2.856306884038889438e-02 2.808868168389548267e-02 -2.691817443487213787e-02
-5.273526780828453192e-02 4.569286786429703484e-02 -2.135212316516757816e-02 2.592511590915199532e-02 1.808561885652505306e-03 9.940768638449135053e-02 9.994618205263818347e-03 3.279559890064121658e-02 1.165551630358314245e-02 -1.333769150669293461e-02 1.617024403888589349e-03 1.160897377705464792e-02 3.235553034854395799e-02 -3.151925069296235716e-03 -7.739355067781350690e-03 2.774406464473350500e-02
-4.153241612729363652e-02 -1.643408895571547498e-02 7.007090341137020215e-03 5.189705356694176985e-03 1.079957926661768985e-02 -1.178364456275227644e-02 -4.270655420986926853e-02 1.060315485170155655e-02 4.844385921818567670e-02 -3.235100727392195390e-03 1.239312430412015066e-03 5.623734306829977769e-02 4.413011096759523327e-02 -7.026683920526607778e-03 6.423394829338946455e-02 -1.590230721512014833e-02
-4.704601029134257428e-02 -1.298283794936407401e-02 7.323002125582418753e-02 1.662185620970690284e-03 2.477548890851659358e-03 -1.947510291193879292e-02 2.304851919788871231e-02 1.372422861557538731e-02 -4.993715110585874445e-02 4.211220001046622752e-02 -2.555405687963002367e-02 -2.432963270823391283e-02 3.071486979505664780e-02 4.348256554147943674e-03 4.738046575854536029e-03 -2.708044522904620721e-02
9.431269475728049079e-02 -3.212900448551061182e-03 6.272461641393970062e-03 4.158800300781558684e-02 -5.003835978875378204e-03 -4.768150348257559068e-02 -2.274588722430002236e-02 3.576887458797883834e-02 4.703615442704105545e-03 2.791424893920997977e-02 8.699074978666305330e-03 -3.306623612173044402e-02 -2.648205450272648337e-02 -2.806414865976951736e-03 2.807404043946246097e-02 9.765442949584648979e-02
-1.092208461479906960e-02 2.052649124954450746e-02 1.973789302355034771e-03 8.155734411690986063e-02 -2.843857469016832732e-03 3.034894794971019355e-02 -6.952773456130856289e-02 -4.012296712643551033e-02 -3.856192694010479594e-02 -9.189988673253843363e-04 8.263479640003370402e-03 -1.059010507476508024e-02 5.576099477407349403e-02 -4.216138059803516656e-03 1.258410975648502524e-02 9.750536030967755022e-03
2.978179168388347259e-02 6.740527572444908466e-02 -4.672747239246858447e-02 -5.243089298171014351e-02 3.955091632290822119e-04 -3.940128621672164128e-02 1.846299237521118602e-02 -5.906103741443843175e-02 -2.539953092135596030e-02 -3.556933626046722419e-02 -1.793557537589725651e-02 4.758011584727250831e-02 -3.909186540928978083e-03 -1.519892712236672709e-02 1.988213110598392383e-02 3.179478520460858344e-03
4.754748478458147021e-02 -4.455009336249901586e-02 -7.263342947452012567e-03 6.564366624037155928e-02 -7.893994195249250459e-03 -4.518180274758021309e-02 -3.682980694369789726e-03 -2.563337442065966466e-03 3.746099608116585516e-02 2.028810351686821320e-02 1.083996347932080460e-02 7.727058356470030420e-02 1.140602849482254613e-02 2.979885060070991756e-02 1.278645862104825157e-02 -3.721587287787979370e-03
-3.027056769195271210e-02 -7.801436433703427820e-02 6.888056761163326158e-02 2.740218843270544533e-02 1.555060728790549907e-02 1.687305080203540739e-02 2.983895301201854554e-03 6.757329829356943651e-02 5.378516391721535617e-02 -2.773436682863728714e-02 3.556393550593958675e-02 -4.934784780176203894e-02 2.781609110975287111e-02 -3.878335925226081195e-03 -1.199172075824195792e-02 1.128579173637380730e-02
-5.097220026365825718e-02 1.995429433027847560e-02 3.868465420261618659e-02 -4.312376840770287822e-02 9.318044279976315722e-03 -2.459269986295565050e-02 1.609416604044182006e-02 -1.760310598324358461e-02 2.840199415493273663e-02 -2.003409191760491606e-02 -2.261213556794872820e-02 -9.909454512160424666e-02 -3.429156671407437938e-03 3.235179783722035018e-02 7.870510421644645593e-02 -1.024593226677058232e-02
1.845212870264822252e-02 -8.760581689161271376e-03 3.410541780463867412e-02 7.448925129032467340e-03 1.520808995365913012e-02 2.927962663221531092e-02 -3.183799781426999154e-02 -7.676768540543960073e-02 -1.046531889185171003e-02 4.772766918818632798e-02 -1.152878867419487863e-02 4.384596034308018558e-02 1.515545679524545226e-03 1.042853183300436887e-01 -1.915414747620114032e-04 -3.211237921048593763e-02
4.455467274790538695e-02 2.719342081027811223e-03 -6.684666592520521755e-02 -6.080968469463201437e-02 -1.426951350970819682e-02 -2.033617424829053597e-02 1.149687287449396161e-02 5.183911572773851340e-02 1.516140006048913129e-02 -3.351811080171493429e-02 8.418615504005434562e-04 4.033672419252143371e-02 -2.140147532991285712e-02 -2.651241835087612617e-02 4.347575467717728487e-02 3.425229421163741156e-02
2.005567825752489763e-02 -1.767249719020590193e-02 -6.831186735983458581e-03 2.874334462452136918e-02 1.121736553308285735e-02 3.353506206285679966e-03 -6.872007732942553293e-02 3.715465537833653048e-02 8.311727646162310468e-02 9.754632896337307388e-03 2.544156260466171743e-02 1.118763800893070488e-02 -2.949607102528728833e-02 8.671773640412482054e-02 4.205862550708204181e-03 -2.439827044881716714e-02
-5.610891208026895505e-02 -1.847827378042506130e-02 6.338890485146102260e-02 7.490897854784661636e-02 4.024221833990095434e-03 4.527554786899674368e-03 5.114869431246225765e-04 -4.266006592812400869e-03 -2.995015042632317558e-03 5.783613818046802989e-03 1.028951970594747974e-02 -5.893204091078993283e-03 6.554330250912643319e-02 -1.817904930348268958e-02 1.665963567316521704e-02 2.648879572570234965e-03
6.075303072116403774e-02 -3.135196033068464450e-02 -2.153147368467520084e-02 -7.562417216223106531e-02 -2.331820110438405456e-03 4.709741432875289013e-02 5.497182896797760815e-02 6.268717938826187663e-02 4.220020529268250428e-03 2.314802994248238086e-02 2.404234819357050149e-02 3.649827675229782437e-02 -5.225976629172529413e-03 -7.884134089696386710e-03 -2.489362198425409609e-02 1.328328458304433440e-02
1.021916596038702392e-02 1.576693973011230460e-02 6.181275887755700860e-02 7.063898349624501104e-03 -1.559561663706944979e-03 -8.187940897266672569e-02 6.638388068812925251e-03 -6.043377133015837715e-05 2.496642042461212976e-02 3.981078415096150902e-02 9.412270250786508238e-03 4.095276271874394997e-02 -2.198880762739850725e-02 3.841254328265165940e-02 3.579129671943160479e-02 -4.547170897031235087e-02
-9.039859005406238740e-03 -4.783960902593463460e-02 -2.274965011680002078e-02 2.701635722411904576e-03 3.142649225142018360e-02 -2.710934122142245883e-02 4.857124370295747007e-02 7.547569246079222083e-02 3.982003491407556245e-02 1.953295576227870659e-02 2.589854161866230603e-02 3.293843364072771007e-02 6.669351049672746397e-03 -8.802030133628183789e-03 6.868110516678619347e-03 -9.283437013962881484e-03
-1.926006556868184796e-02 -6.306418585456050052e-02 -4.234902498124495929e-02 -1.402961495877029334e-02 -2.065111390573870238e-03 7.968829714611368187e-02 -4.839124600596066139e-02 2.083231986247536735e-02 8.356521154053131797e-03 1.329545034662061101e-02 -2.765889753373234673e-04 -1.359925589116064461e-02 4.477348478639549961e-02 1.174746675658668374e-02 6.451194788787183165e-02 -3.741958568960390003e-02
2.390843935492178648e-02 4.825991945515709786e-02 -5.727630898964663347e-02 -1.237074824518809638e-02 4.188506603757160413e-03 -6.151105107699605945e-02 -5.389372961172531756e-02 -4.115663424677968446e-02 2.533504239093280555e-03 2.795800465118475353e-02 9.300803482525521124e-03 1.285957135046942278e-02 -2.181391369471557488e-03 -1.319611930380123511e-02 6.024954472144151973e-02 2.282170857532127978e-02
3.159646277381317203e-02 8.293136187917074520e-02 1.705862607250265006e-02 -2.880034565570490854e-02 3.566048468135725111e-03 5.703896220590551347e-02 -2.468642518551879272e-02 -9.150748729253272568e-03 2.142545808418987174e-02 -1.112661986265104340e-02 2.233003104819450760e-02 3.327903030934007203e-03 -3.021613819964969957e-02 4.386877403079829374e-02 -4.311192904693972316e-02 4.251113725725531173e-02
1.881105692900165733e-03 4.678528696736472536e-02 6.090717406780640775e-02 -2.856741552311653498e-02 -8.893625087449886363e-03 3.468038862479891349e-02 1.478272163119959126e-02 -4.265791808471722929e-02 -6.908962528222262200e-02 -6.125872665639907864e-03 -1.610137253983114081e-02 -9.500833076820770426e-03 7.489586468877927269e-03 1.429492419359459227e-02 -5.048204244639018651e-02 3.369198861995019445e-02
1.613125397701749633e-02 1.404740370285526528e-02 2.297056827639979999e-03 1.914350153234465821e-02 -4.639683297357861773e-03 1.818201778489106704e-02 3.311936343171970748e-02 -3.075071824441847831e-02 -8.321443849271342730e-02 9.081122202385605302e-02 -1.738517065751113422e-02 -1.493588525859824122e-02 1.225452810434516510e-02 4.370504367400686145e-03 -5.399696600889047210e-02 -4.372423625211667442e-02
6.581602910277243104e-03 -5.258035457712328942e-02 9.447513968121568073e-02 4.500555159094465733e-03 8.439949164894587977e-04 1.750829591669425533e-02 -2.061773867250885940e-03 5.456167910732710215e-03 4.003821840918157099e-02 -2.251132687909090241e-02 2.420574583483435516e-02 2.941908522061809778e-02 4.997673595294140764e-02 -3.195327214293658402e-02 4.183276300333171188e-02 -3.275848743896719872e-02
-6.815954254535354362e-02 5.705943081147934332e-02 2.930143611222873340e-02 -2.196301686978413201e-02 -4.966277881847305960e-03 -1.399995993278072004e-02 5.115351919324838403e-02 2.887295123752136455e-02 5.282650182182409976e-02 -5.478654604909903754e-03 5.424275743867685434e-03 1.947693018911696855e-02 1.165232622686650232e-02 -6.462159606567589865e-02 1.053209700124088655e-02 -4.971567040614170707e-02
-2.596482501848462309e-03 5.157790299261996031e-03 -2.029742059647938676e-02 -4.914365870413638787e-02 1.316012708489058998e-02 9.414928926666424336e-02 -2.833652133783077717e-02 -4.654412871586888906e-02 1.481287705626016700e-02 5.274582777908259391e-03 -3.474039138736068760e-02 -5.666110785396492183e-02 1.398133528580410533e-03 1.098261627751298125e-01 4.090253355206391328e-02 -2.552743304841333105e-02
